-------------------------------
TRAINING SUMMARY
------------------------------
Generator: NeuralSDE
Discriminator: RSigW1
Activation: Sigmoid
Gradient steps: 1000
Learning rate: 0.0001
Reservoir dimension: 80
Data dimension: 1
-------------------------------
Drift BM: 0.0
Std BM: 1.0
Drift GBM: 0.0
Std GBM: 1.0
Phi AR: -0.1
Std AR: 1.0
-------------------------------
RSigW1:
Training error: 2.0129e-01
Test error: 3.4090e-01
-------------------------------
Correlation Metric:
Training error: 1.2019e+00
Test error: 1.2124e+00
-------------------------------
Autocorrelation Metric:
Training error: 5.3616e-01
Test error: 5.3356e-01
-------------------------------
Results of Normality Test:
Normaltest #1: False
Normaltest #2: True
Normaltest #3: True
Normaltest #4: True
Normaltest #5: True
Normaltest #6: True
Normaltest #7: True
Normaltest #8: True
Normaltest #9: True
-------------------------------
defaultdict(<class 'list'>, {'RSigW1Loss': [24.939477920532227, 19.689943313598633, 15.042576789855957, 10.915677070617676, 6.983185768127441, 3.5690066814422607, 1.0994350910186768, 2.7820589542388916, 4.2515974044799805, 5.1165385246276855, 5.157104969024658, 4.620747089385986, 4.03753662109375, 2.7633862495422363, 1.5037360191345215, 1.12974214553833, 1.78474760055542, 2.3393890857696533, 2.4456753730773926, 2.3336615562438965, 1.7961405515670776, 1.2224977016448975, 0.8890018463134766, 1.2192121744155884, 1.5328922271728516, 1.7212462425231934, 1.5153348445892334, 1.1112070083618164, 0.8322516679763794, 0.8704442381858826, 1.1361243724822998, 1.3091198205947876, 1.0569565296173096, 0.8305639624595642, 0.5942884683609009, 0.7581530809402466, 0.9416080117225647, 0.9311074018478394, 0.7468177676200867, 0.5586826801300049, 0.6206985116004944, 0.8148717284202576, 0.7950796484947205, 0.5853569507598877, 0.5212754607200623, 0.6003008484840393, 0.5026625990867615, 0.5371552109718323, 0.4029315114021301, 0.5205672979354858, 0.5181773900985718, 0.43307700753211975, 0.5047231316566467, 0.5011202096939087, 0.4578723609447479, 0.37109020352363586, 0.398468554019928, 0.3618435561656952, 0.2884945571422577, 0.3911329209804535, 0.3196360170841217, 0.2776486575603485, 0.3789331614971161, 0.22141166031360626, 0.3656931519508362, 0.23320594429969788, 0.24212799966335297, 0.19389213621616364, 0.29749616980552673, 0.19003643095493317, 0.15939952433109283, 0.22686326503753662, 0.15060313045978546, 0.21498581767082214, 0.32476311922073364, 0.27420076727867126, 0.22351913154125214, 0.2776562571525574, 0.16483521461486816, 0.2843678593635559, 0.2946900427341461, 0.19875380396842957, 0.3787081241607666, 0.3179742991924286, 0.43206819891929626, 0.3671499490737915, 0.19783444702625275, 0.47057417035102844, 0.3129502534866333, 0.16889435052871704, 0.23828724026679993, 0.21124987304210663, 0.24782975018024445, 0.4224773049354553, 0.21548621356487274, 0.429979532957077, 0.6152346134185791, 0.2767476737499237, 0.4017879068851471, 0.5929340720176697, 0.2571028470993042, 0.24375002086162567, 0.2645108699798584, 0.2814475893974304, 0.2714284658432007, 0.5601076483726501, 0.15924490988254547, 0.3456893563270569, 0.4468999207019806, 0.12137438356876373, 0.27476954460144043, 0.21695616841316223, 0.22302095592021942, 0.12242700159549713, 0.1630719006061554, 0.12661488354206085, 0.36412516236305237, 0.229058638215065, 0.2806544005870819, 0.3086128532886505, 0.14765828847885132, 0.14391592144966125, 0.12667518854141235, 0.3247693181037903, 0.3205370604991913, 0.23346301913261414, 0.10296428203582764, 0.15111427009105682, 0.20944897830486298, 0.23497924208641052, 0.2013425976037979, 0.19582462310791016, 0.2435208559036255, 0.13773348927497864, 0.24412551522254944, 0.14193636178970337, 0.18380463123321533, 0.15923593938350677, 0.16653840243816376, 0.1849757432937622, 0.1802748292684555, 0.22829733788967133, 0.21496914327144623, 0.498778373003006, 0.35231325030326843, 0.13870574533939362, 0.27020761370658875, 0.4163506031036377, 0.39296719431877136, 0.12859399616718292, 0.31949397921562195, 0.2760542035102844, 0.25555798411369324, 0.31918248534202576, 0.11741028726100922, 0.10744743049144745, 0.215441033244133, 0.2067338079214096, 0.11318820714950562, 0.13423138856887817, 0.33099356293678284, 0.2314017415046692, 0.17117658257484436, 0.4492524564266205, 0.30200663208961487, 0.1988062560558319, 0.36182254552841187, 0.2148483842611313, 0.4029335677623749, 0.23343844711780548, 0.12534171342849731, 0.31365180015563965, 0.5424416065216064, 0.29796266555786133, 0.1629805713891983, 0.46523475646972656, 0.3079833686351776, 0.1744944155216217, 0.3105911612510681, 0.11408224701881409, 0.2291475385427475, 0.33523401618003845, 0.27006807923316956, 0.24195899069309235, 0.47350141406059265, 0.43682941794395447, 0.10789470374584198, 0.590307354927063, 0.7623409628868103, 0.6197329163551331, 0.23736369609832764, 0.5534725785255432, 0.7869752645492554, 0.8918949365615845, 0.4745387136936188, 0.21783971786499023, 0.35796377062797546, 0.3561898171901703, 0.12934310734272003, 0.5499495267868042, 0.8447917699813843, 0.7796425819396973, 0.1823464334011078, 0.48095422983169556, 0.6508237719535828, 0.5176763534545898, 0.3791194558143616, 0.36014893651008606, 0.49578675627708435, 0.6413098573684692, 0.3329693377017975, 0.2668322026729584, 0.694747805595398, 0.5312709808349609, 0.29484134912490845, 0.38318443298339844, 0.5306486487388611, 0.5356402397155762, 0.1717914640903473, 0.49064257740974426, 0.7904783487319946, 0.6241022348403931, 0.20204304158687592, 0.42647862434387207, 0.6902197003364563, 0.718703031539917, 0.2931068241596222, 0.2524435520172119, 0.5418542623519897, 0.3892208933830261, 0.1404344141483307, 0.2207624614238739, 0.2609805166721344, 0.3096214234828949, 0.16133978962898254, 0.4833226501941681, 0.6321448683738708, 0.37330034375190735, 0.26152247190475464, 0.3185875713825226, 0.23593296110630035, 0.23871353268623352, 0.20509663224220276, 0.08670387417078018, 0.21025307476520538, 0.15978007018566132, 0.2717415988445282, 0.1570112109184265, 0.1619836539030075, 0.20109863579273224, 0.17723524570465088, 0.16448988020420074, 0.08535655587911606, 0.17519032955169678, 0.18414391577243805, 0.1616334766149521, 0.303838312625885, 0.21363596618175507, 0.1711152195930481, 0.1760980188846588, 0.23697319626808167, 0.1883908212184906, 0.3143865764141083, 0.22504746913909912, 0.16348999738693237, 0.10722082853317261, 0.5166590213775635, 0.3439100682735443, 0.3023128807544708, 0.3053853511810303, 0.09719551354646683, 0.20299819111824036, 0.3265914022922516, 0.30330321192741394, 0.07554841041564941, 0.32349827885627747, 0.33304256200790405, 0.380002498626709, 0.27531057596206665, 0.1353774517774582, 0.4111308455467224, 0.25448161363601685, 0.27308475971221924, 0.1756482720375061, 0.12922506034374237, 0.20481272041797638, 0.19015783071517944, 0.11044057458639145, 0.1430356502532959, 0.14089399576187134, 0.26560038328170776, 0.40790894627571106, 0.3863951563835144, 0.2094144970178604, 0.31857940554618835, 0.1972876936197281, 0.3331647217273712, 0.3517017662525177, 0.38321784138679504, 0.21387192606925964, 0.25477805733680725, 0.14107804000377655, 0.22654643654823303, 0.2043197900056839, 0.15953059494495392, 0.18271151185035706, 0.10421493649482727, 0.16062118113040924, 0.13039876520633698, 0.2607857286930084, 0.10631316900253296, 0.29283130168914795, 0.1369699239730835, 0.2373574674129486, 0.2518748939037323, 0.1107264831662178, 0.1904478371143341, 0.12732557952404022, 0.1530189961194992, 0.1255147010087967, 0.08572916686534882, 0.09698259830474854, 0.14403389394283295, 0.1220283955335617, 0.17367325723171234, 0.25932368636131287, 0.10521440207958221, 0.14567700028419495, 0.06837433576583862, 0.16146422922611237, 0.22953638434410095, 0.18894021213054657, 0.3123299181461334, 0.1951667219400406, 0.09125754237174988, 0.1904991865158081, 0.14867261052131653, 0.21400652825832367, 0.30504873394966125, 0.18082380294799805, 0.19395218789577484, 0.40272805094718933, 0.39275315403938293, 0.1143076941370964, 0.24664002656936646, 0.07700221985578537, 0.08748152107000351, 0.0831969603896141, 0.1767866462469101, 0.07885175198316574, 0.23575428128242493, 0.38297080993652344, 0.10378895699977875, 0.3508704900741577, 0.24419064819812775, 0.2862280011177063, 0.3766244649887085, 0.1597995162010193, 0.4803527891635895, 0.5678302049636841, 0.15910542011260986, 0.09022611379623413, 0.2703310251235962, 0.17278124392032623, 0.09470736235380173, 0.16209222376346588, 0.08682472258806229, 0.26202303171157837, 0.10149987787008286, 0.2708496153354645, 0.14330483973026276, 0.09794433414936066, 0.16377569735050201, 0.12689900398254395, 0.07849211990833282, 0.19333693385124207, 0.07058579474687576, 0.22029395401477814, 0.16936388611793518, 0.24111050367355347, 0.2764474153518677, 0.09295332431793213, 0.1719660460948944, 0.1495697796344757, 0.15025584399700165, 0.16263744235038757, 0.07582654058933258, 0.19639244675636292, 0.11014136672019958, 0.0888741984963417, 0.1389613002538681, 0.14337049424648285, 0.06826625019311905, 0.08094831556081772, 0.09453804045915604, 0.13967353105545044, 0.1550789326429367, 0.1373218446969986, 0.2942086458206177, 0.3344728648662567, 0.07414761930704117, 0.2895186245441437, 0.13420310616493225, 0.1696798950433731, 0.12932588160037994, 0.22756342589855194, 0.13096073269844055, 0.11103415489196777, 0.2868173122406006, 0.10493765026330948, 0.21620291471481323, 0.11361654102802277, 0.08737453818321228, 0.2858758270740509, 0.20450511574745178, 0.0791642889380455, 0.11856790632009506, 0.10078442096710205, 0.21675139665603638, 0.18255862593650818, 0.08627035468816757, 0.12698782980442047, 0.10332287847995758, 0.36358603835105896, 0.539612352848053, 0.10957615822553635, 0.3087449073791504, 0.3454816937446594, 0.177535742521286, 0.4044250547885895, 0.4547624886035919, 0.3427464962005615, 0.14938507974147797, 0.2496175616979599, 0.28649285435676575, 0.214348703622818, 0.25944578647613525, 0.11144983023405075, 0.12437901645898819, 0.15002988278865814, 0.2638952434062958, 0.2386402040719986, 0.14497245848178864, 0.2155728042125702, 0.2725736200809479, 0.16566947102546692, 0.16188374161720276, 0.11801845580339432, 0.08770135790109634, 0.3307427167892456, 0.23469248414039612, 0.08911284059286118, 0.16636711359024048, 0.12921178340911865, 0.1951635330915451, 0.25220787525177, 0.1497913897037506, 0.3906087577342987, 0.29528510570526123, 0.14429496228694916, 0.37616726756095886, 0.2301599532365799, 0.27196839451789856, 0.27456778287887573, 0.3567878007888794, 0.21351785957813263, 0.08928100019693375, 0.19658343493938446, 0.10301562398672104, 0.13289999961853027, 0.1632881909608841, 0.08893349766731262, 0.36577606201171875, 0.4009356200695038, 0.18649889528751373, 0.22850272059440613, 0.5252008438110352, 0.16198037564754486, 0.19899941980838776, 0.1898689717054367, 0.29990437626838684, 0.3764730989933014, 0.4181951582431793, 0.16458576917648315, 0.15512998402118683, 0.18782684206962585, 0.18062196671962738, 0.10939036309719086, 0.32997840642929077, 0.11964292079210281, 0.11422326415777206, 0.10062460601329803, 0.36346298456192017, 0.20886243879795074, 0.14298191666603088, 0.08936721831560135, 0.2127169519662857, 0.202897846698761, 0.2754078507423401, 0.2090015411376953, 0.25484877824783325, 0.6863394975662231, 0.4523254632949829, 0.1089860051870346, 0.506473183631897, 0.6091150045394897, 0.47685644030570984, 0.1842593550682068, 0.37412136793136597, 0.5959382653236389, 0.4639798700809479, 0.261229544878006, 0.3464771509170532, 0.6905022859573364, 0.36262571811676025, 0.21663616597652435, 0.36409705877304077, 0.6263273358345032, 0.47888708114624023, 0.19712665677070618, 0.2993801236152649, 0.4488310217857361, 0.4945043921470642, 0.28023797273635864, 0.3039531409740448, 0.6586785912513733, 0.37618324160575867, 0.15215767920017242, 0.2906642556190491, 0.4818830192089081, 0.37857791781425476, 0.1414264738559723, 0.24191632866859436, 0.10040885955095291, 0.16545915603637695, 0.17770859599113464, 0.16468045115470886, 0.126796156167984, 0.3756883442401886, 0.42929232120513916, 0.2934724986553192, 0.1374744176864624, 0.5662504434585571, 0.7574620842933655, 0.43680539727211, 0.2057371884584427, 0.2632087171077728, 0.406863272190094, 0.45244237780570984, 0.2558579742908478, 0.32529446482658386, 0.4823886752128601, 0.2317383736371994, 0.25221243500709534, 0.3483858108520508, 0.2482486069202423, 0.2720680832862854, 0.23109661042690277, 0.15346147119998932, 0.25314489006996155, 0.07817596197128296, 0.10563139617443085, 0.1364504098892212, 0.10770698636770248, 0.29161137342453003, 0.15615713596343994, 0.18156108260154724, 0.12127962708473206, 0.2957238554954529, 0.30147647857666016, 0.17981846630573273, 0.12078265845775604, 0.2351813167333603, 0.1981448382139206, 0.22735026478767395, 0.27722910046577454, 0.11529215425252914, 0.18840737640857697, 0.2669770419597626, 0.13241656124591827, 0.33991554379463196, 0.43279916048049927, 0.3652353882789612, 0.13769006729125977, 0.18144077062606812, 0.12224290519952774, 0.24671928584575653, 0.2543524503707886, 0.12382478266954422, 0.3976880609989166, 0.43547555804252625, 0.3130297064781189, 0.11706022918224335, 0.24714963138103485, 0.10989826917648315, 0.1449112594127655, 0.062474533915519714, 0.09245975315570831, 0.14293235540390015, 0.1687317192554474, 0.07010150700807571, 0.08215790241956711, 0.08219147473573685, 0.13979436457157135, 0.10854459553956985, 0.11187159270048141, 0.23451083898544312, 0.16197511553764343, 0.13728661835193634, 0.06631699204444885, 0.15107515454292297, 0.21819943189620972, 0.2353096753358841, 0.08460793644189835, 0.21480371057987213, 0.244159996509552, 0.12050232291221619, 0.21589137613773346, 0.17476418614387512, 0.12838579714298248, 0.15495160222053528, 0.10225478559732437, 0.2548781633377075, 0.29843515157699585, 0.06398749351501465, 0.2538120746612549, 0.3961470425128937, 0.0946776419878006, 0.10989957302808762, 0.32409608364105225, 0.355762779712677, 0.14943374693393707, 0.22216229140758514, 0.2013830691576004, 0.3959501385688782, 0.36300018429756165, 0.32916200160980225, 0.1606464982032776, 0.2727688252925873, 0.28077781200408936, 0.2188110649585724, 0.1969212144613266, 0.0886269062757492, 0.2726569175720215, 0.23653541505336761, 0.15985825657844543, 0.2652941346168518, 0.3328932523727417, 0.23438909649848938, 0.12310808897018433, 0.3064517378807068, 0.13981494307518005, 0.09248745441436768, 0.19364024698734283, 0.114920973777771, 0.10280999541282654, 0.1401299685239792, 0.17495393753051758, 0.20196235179901123, 0.46158209443092346, 0.30152422189712524, 0.213485985994339, 0.19211600720882416, 0.08788108825683594, 0.08607397228479385, 0.16546209156513214, 0.08588533848524094, 0.26324692368507385, 0.4192512333393097, 0.22939400374889374, 0.3125871419906616, 0.4048944115638733, 0.15265366435050964, 0.09737106412649155, 0.3118986189365387, 0.23829305171966553, 0.15189063549041748, 0.14270782470703125, 0.06820256263017654, 0.20557203888893127, 0.25167497992515564, 0.2423398494720459, 0.23360860347747803, 0.17574194073677063, 0.31771889328956604, 0.3732292056083679, 0.25539401173591614, 0.08073298633098602, 0.34643131494522095, 0.2746715545654297, 0.365071564912796, 0.1847054362297058, 0.17968766391277313, 0.15016023814678192, 0.201364204287529, 0.18408778309822083, 0.15296313166618347, 0.18664370477199554, 0.17776335775852203, 0.23022453486919403, 0.0884227603673935, 0.2634463906288147, 0.26638510823249817, 0.10811599344015121, 0.16183042526245117, 0.4417143166065216, 0.314209908246994, 0.14399082958698273, 0.34692782163619995, 0.35142046213150024, 0.19322119653224945, 0.19942915439605713, 0.1692311018705368, 0.15496543049812317, 0.17860901355743408, 0.11561407893896103, 0.22561949491500854, 0.2250022292137146, 0.21282711625099182, 0.4043242633342743, 0.24003833532333374, 0.09194861352443695, 0.19706416130065918, 0.21217235922813416, 0.1714872270822525, 0.1661706417798996, 0.12148791551589966, 0.24736535549163818, 0.11413456499576569, 0.09667860716581345, 0.3126463294029236, 0.2359388917684555, 0.10839048773050308, 0.1295052021741867, 0.16958089172840118, 0.18951047956943512, 0.20395350456237793, 0.08397652953863144, 0.17296984791755676, 0.21813522279262543, 0.2391415387392044, 0.08866270631551743, 0.1388801783323288, 0.1107504591345787, 0.18208129703998566, 0.1384991705417633, 0.09656667709350586, 0.17389406263828278, 0.21341101825237274, 0.1434626430273056, 0.22598513960838318, 0.2220849245786667, 0.11791059374809265, 0.24023525416851044, 0.10652338713407516, 0.192962184548378, 0.19133958220481873, 0.24296753108501434, 0.22753238677978516, 0.18869540095329285, 0.24925033748149872, 0.23766352236270905, 0.35392749309539795, 0.3029071092605591, 0.18942731618881226, 0.4071192145347595, 0.0957365334033966, 0.10855560004711151, 0.12821754813194275, 0.12279992550611496, 0.12685325741767883, 0.07598202675580978, 0.07192414253950119, 0.1057659164071083, 0.10134880244731903, 0.16493666172027588, 0.18995924293994904, 0.20438531041145325, 0.30022671818733215, 0.13731129467487335, 0.3084963262081146, 0.31668543815612793, 0.16348563134670258, 0.06530442833900452, 0.21574239432811737, 0.3519864082336426, 0.10499676316976547, 0.1933276653289795, 0.13738156855106354, 0.17104925215244293, 0.11596210300922394, 0.11442587524652481, 0.27572566270828247, 0.20742779970169067, 0.13087351620197296, 0.23301579058170319, 0.07058408856391907, 0.16007231175899506, 0.06697467714548111, 0.20780730247497559, 0.22965049743652344, 0.14363913238048553, 0.19416669011116028, 0.06777285784482956, 0.20159249007701874, 0.160369873046875, 0.14071759581565857, 0.10171931236982346, 0.18956176936626434, 0.09201551973819733, 0.09027770161628723, 0.2942802309989929, 0.1160358116030693, 0.12514513731002808, 0.1118607223033905, 0.09346608817577362, 0.08971386402845383, 0.05076174810528755, 0.1096203550696373, 0.14561514556407928, 0.1307937651872635, 0.13227728009223938, 0.11775212734937668, 0.1830337941646576, 0.11384934931993484, 0.08332843333482742, 0.5336825847625732, 0.4084465801715851, 0.25502580404281616, 0.20539098978042603, 0.5198193788528442, 0.3423360586166382, 0.16915667057037354, 0.16635477542877197, 0.3660719692707062, 0.42671674489974976, 0.08497157692909241, 0.22234958410263062, 0.13628755509853363, 0.1483771651983261, 0.18607965111732483, 0.13501392304897308, 0.2655983567237854, 0.08269309997558594, 0.08224568516016006, 0.1005210280418396, 0.17920096218585968, 0.15022717416286469, 0.22122913599014282, 0.32195883989334106, 0.28937995433807373, 0.37020373344421387, 0.27440500259399414, 0.15138953924179077, 0.4311061203479767, 0.5755902528762817, 0.5335068702697754, 0.3300244212150574, 0.08638817816972733, 0.49686628580093384, 0.5265779495239258, 0.44174179434776306, 0.12287862598896027, 0.15080665051937103, 0.2509543299674988, 0.15524981915950775, 0.07734246551990509, 0.19437165558338165, 0.24485963582992554, 0.2586269676685333, 0.11973988264799118, 0.16404281556606293, 0.1609797477722168, 0.11930181086063385, 0.09070783108472824, 0.09117100387811661, 0.13737285137176514, 0.14054875075817108, 0.2273671180009842, 0.19413593411445618, 0.19161982834339142, 0.4531671702861786, 0.187443807721138, 0.12139374762773514, 0.1628776639699936, 0.14615942537784576, 0.10167504101991653, 0.204856276512146, 0.18786907196044922, 0.1617945283651352, 0.11491025984287262, 0.24598175287246704, 0.22950579226016998, 0.2054581642150879, 0.159530371427536, 0.12842397391796112, 0.4731588065624237, 0.5266512036323547, 0.2723490595817566, 0.16039851307868958, 0.0721902921795845, 0.24875013530254364, 0.1729717254638672, 0.18065911531448364, 0.09797532856464386, 0.3095451593399048, 0.19438931345939636, 0.20740842819213867, 0.22588111460208893, 0.1556081771850586, 0.24737860262393951, 0.36699211597442627, 0.27289602160453796, 0.20801882445812225, 0.11482980102300644, 0.2822277545928955, 0.18271830677986145, 0.14812546968460083, 0.16090168058872223, 0.1997459977865219, 0.10915221273899078, 0.11624082922935486, 0.079196035861969, 0.12681612372398376, 0.08309219032526016, 0.22232981026172638, 0.17685306072235107, 0.23078738152980804, 0.12379065155982971, 0.32225024700164795, 0.18888193368911743, 0.15888668596744537, 0.0958973690867424, 0.07306385040283203, 0.1119023859500885, 0.2837163805961609, 0.24635232985019684, 0.26720499992370605, 0.09919944405555725, 0.19908928871154785, 0.12716971337795258, 0.15153811872005463, 0.19904491305351257, 0.11453977972269058, 0.11849261820316315, 0.13497871160507202, 0.15860986709594727, 0.1288423389196396, 0.08599767833948135, 0.062294989824295044, 0.2430744171142578, 0.16298842430114746, 0.3077951669692993, 0.10122902691364288, 0.13743992149829865, 0.12008389830589294, 0.21565963327884674, 0.20077110826969147, 0.2611842751502991, 0.11669037491083145, 0.08179201185703278, 0.11870229244232178, 0.11680211871862411, 0.06668511778116226, 0.07761187106370926, 0.08185762912034988, 0.10807809978723526, 0.13785749673843384, 0.09279236942529678, 0.21847496926784515, 0.2353397160768509, 0.1302933245897293, 0.14313861727714539, 0.0672219917178154, 0.1920756697654724, 0.14475952088832855, 0.10801871865987778, 0.08597774803638458, 0.08731230348348618, 0.10224692523479462, 0.15751297771930695, 0.1282949596643448, 0.11583901941776276, 0.0942639634013176, 0.14269773662090302, 0.09520728886127472, 0.13443833589553833, 0.2947158217430115, 0.15135611593723297, 0.11732415109872818, 0.0559312105178833, 0.05664641410112381, 0.07294177263975143, 0.1240757405757904, 0.20596863329410553, 0.17005909979343414, 0.15710395574569702, 0.15314121544361115, 0.10596451908349991, 0.20726105570793152]})
-------------------------------
defaultdict(<class 'list'>, {'RSigW1Val': [0.572020947933197, 0.5274622440338135, 0.23619326949119568, 0.3598955571651459, 0.19050323963165283, 0.15561597049236298, 0.22556647658348083, 0.2047814279794693, 0.20126838982105255, 0.1824745535850525]})
