-------------------------------
TRAINING SUMMARY
------------------------------
Generator: NeuralSDE
Discriminator: RSigW1
Activation: Sigmoid
Gradient steps: 350
Learning rate: 0.0001
Reservoir dimension: 80
Data dimension: 1
-------------------------------
Drift BM: 0.1
Std BM: 0.2
Drift GBM: 0.0
Std GBM: 1.0
Phi AR: -0.1
Std AR: 1.0
-------------------------------
RSigW1:
Training error: 1.1330e-01
Test error: 1.2068e-01
-------------------------------
Correlation Metric:
Training error: 2.1273e+00
Test error: 2.1268e+00
-------------------------------
Autocorrelation Metric:
Training error: 1.9463e+00
Test error: 1.9500e+00
-------------------------------
Results of Normality Test:
Normaltest #1: True
Normaltest #2: True
Normaltest #3: True
Normaltest #4: True
Normaltest #5: False
Normaltest #6: True
Normaltest #7: True
Normaltest #8: True
Normaltest #9: True
Normaltest #10: True
Normaltest #11: True
Normaltest #12: True
Normaltest #13: False
Normaltest #14: True
-------------------------------
defaultdict(<class 'list'>, {'RSigW1Loss': [5.491806507110596, 2.5532472133636475, 3.8332927227020264, 3.7862954139709473, 2.552603006362915, 2.362900495529175, 2.9964046478271484, 2.894812822341919, 2.3102877140045166, 2.0017240047454834, 2.4247286319732666, 2.46655011177063, 2.044727087020874, 1.8091663122177124, 1.979601502418518, 2.1267855167388916, 1.8944870233535767, 1.6216052770614624, 1.7187235355377197, 1.7433067560195923, 1.7386168241500854, 1.546512246131897, 1.6013844013214111, 1.6788772344589233, 1.5205844640731812, 1.4332830905914307, 1.5032250881195068, 1.4777038097381592, 1.363244891166687, 1.3580447435379028, 1.3868730068206787, 1.2970430850982666, 1.2990552186965942, 1.3420288562774658, 1.2920892238616943, 1.2102411985397339, 1.234952449798584, 1.1631625890731812, 1.1035113334655762, 1.1427117586135864, 1.0054796934127808, 0.9827235341072083, 0.8901070356369019, 0.8548749089241028, 0.8187850713729858, 0.8169374465942383, 0.7432048916816711, 0.6632206439971924, 0.5986192226409912, 0.5496882796287537, 0.4495125114917755, 0.3934890925884247, 0.4084874093532562, 0.8105280995368958, 0.7378073334693909, 0.6818661689758301, 0.7112113833427429, 0.4225340187549591, 0.6526547074317932, 0.350713312625885, 0.4142162799835205, 0.4133562743663788, 0.5786895751953125, 0.30588340759277344, 0.41160446405410767, 0.4625169336795807, 0.5616796016693115, 0.2904675304889679, 0.5985183119773865, 0.44583743810653687, 0.3655640184879303, 0.586993396282196, 0.25713109970092773, 0.36118578910827637, 0.5318995118141174, 0.27982380986213684, 0.3500329852104187, 0.6236854791641235, 0.2631780803203583, 0.740412175655365, 0.47137728333473206, 1.0250600576400757, 1.1372510194778442, 0.26274213194847107, 1.3796086311340332, 1.586051344871521, 0.8433329463005066, 1.0270475149154663, 1.474094271659851, 0.9683249592781067, 0.6195510625839233, 1.1518396139144897, 0.6230307221412659, 0.8943144083023071, 1.1887061595916748, 0.5084757804870605, 1.0103920698165894, 1.3435262441635132, 0.8184855580329895, 0.7169384360313416, 1.0863779783248901, 0.547696590423584, 0.83558589220047, 1.0447672605514526, 0.535210371017456, 1.039036512374878, 1.3037056922912598, 0.6583911776542664, 0.7108282446861267, 1.2086248397827148, 0.6328867673873901, 0.7077823877334595, 0.9309350252151489, 0.48729491233825684, 0.8041952252388, 0.901637613773346, 0.4068039357662201, 0.8475936055183411, 0.8868510127067566, 0.4579137861728668, 0.7500114440917969, 0.9117882251739502, 0.5158879160881042, 0.7668358683586121, 0.9189711213111877, 0.6202069520950317, 0.8463404178619385, 0.7696526646614075, 0.5185328722000122, 0.6359062790870667, 0.454742431640625, 0.6505296230316162, 0.8097334504127502, 0.23162971436977386, 0.96148282289505, 1.1102880239486694, 0.49442729353904724, 0.8351516127586365, 1.1878151893615723, 0.8048217296600342, 0.40089157223701477, 0.5522224307060242, 0.5060917735099792, 0.6607571244239807, 0.5185491442680359, 0.4371097683906555, 0.5211557149887085, 0.1875915229320526, 0.8680381178855896, 0.907207190990448, 0.41147103905677795, 1.0157264471054077, 1.256404161453247, 0.9006046056747437, 0.4317910075187683, 0.8967898488044739, 0.8425568342208862, 0.5966963171958923, 0.616249680519104, 0.4189574122428894, 0.6478931307792664, 0.6768478751182556, 0.3233039081096649, 0.7774078249931335, 1.0086535215377808, 0.43805941939353943, 0.7695282101631165, 1.0901844501495361, 0.7181752324104309, 0.4931396543979645, 0.6414284110069275, 0.42988523840904236, 0.6451135277748108, 0.6486914157867432, 0.2682512402534485, 0.7030779719352722, 0.7109698057174683, 0.2539995610713959, 0.38577353954315186, 0.19637657701969147, 0.31134143471717834, 0.4126134216785431, 0.19057634472846985, 0.499463826417923, 0.35954150557518005, 0.3257889151573181, 0.4145945906639099, 0.38977521657943726, 0.28550955653190613, 0.31715333461761475, 0.38040655851364136, 0.21717140078544617, 0.2179265320301056, 0.5151246190071106, 0.2506732940673828, 0.4824471175670624, 0.533086895942688, 0.2711664140224457, 0.20227639377117157, 0.3238060772418976, 0.2591105103492737, 0.5100175142288208, 0.5103093981742859, 0.24553199112415314, 0.15174198150634766, 0.17015337944030762, 0.18646451830863953, 0.18167153000831604, 0.49336281418800354, 0.17590345442295074, 0.7119214534759521, 0.6949215531349182, 0.2086862027645111, 0.9124294519424438, 1.0704039335250854, 0.5325955748558044, 0.6809272170066833, 0.8439512848854065, 0.5549637675285339, 0.5736622214317322, 0.8548128008842468, 0.49237561225891113, 0.6180700659751892, 0.8136481046676636, 0.44543957710266113, 0.5153336524963379, 1.008066177368164, 0.63001948595047, 0.4006882607936859, 0.5907819271087646, 0.17479026317596436, 0.7407387495040894, 0.9058155417442322, 0.3557603061199188, 0.5911096334457397, 0.7327106595039368, 0.3887070417404175, 0.5760506391525269, 0.5601439476013184, 0.41758081316947937, 0.5221537351608276, 0.24285103380680084, 0.5003586411476135, 0.40669944882392883, 0.30796894431114197, 0.5054386854171753, 0.17794892191886902, 0.3157491087913513, 0.26536959409713745, 0.3065566122531891, 0.29583740234375, 0.2706933319568634, 0.2749926745891571, 0.24580194056034088, 0.3039611876010895, 0.20279592275619507, 0.46652117371559143, 0.20397025346755981, 0.5192290544509888, 0.41116729378700256, 0.22286242246627808, 0.2594178318977356, 0.30303385853767395, 0.28928637504577637, 0.41614460945129395, 0.42701566219329834, 0.24180899560451508, 0.1676596701145172, 0.3730877637863159, 0.1722162812948227, 0.5476900935173035, 0.428911030292511, 0.24535058438777924, 0.23838375508785248, 0.44498109817504883, 0.29306378960609436, 0.47164595127105713, 0.3734126091003418, 0.20480065047740936, 0.2069796323776245, 0.37546101212501526, 0.25692686438560486, 0.5328062176704407, 0.3820747435092926, 0.17444251477718353, 0.18866442143917084, 0.35505837202072144, 0.2237664759159088, 0.571023166179657, 0.4566681981086731, 0.12245379388332367, 0.3219359815120697, 0.1695636808872223, 0.10036332905292511, 0.10016214847564697, 0.14620710909366608, 0.3486636281013489, 0.11296146363019943, 0.4631539285182953, 0.26691997051239014, 0.2978789210319519, 0.35036996006965637, 0.3325577676296234, 0.40269583463668823, 0.3075234293937683, 0.46632856130599976, 0.14606545865535736, 0.5183747410774231, 0.46537744998931885, 0.4182429015636444, 0.5074244141578674, 0.1374751776456833, 0.46922335028648376, 0.4119507074356079, 0.4535064995288849, 0.45668113231658936, 0.17739100754261017, 0.28090736269950867, 0.22827959060668945, 0.26094818115234375, 0.5324912071228027, 0.4179994761943817, 0.2280106246471405, 0.2534119784832001, 0.21772044897079468, 0.1993914246559143, 0.3759416341781616, 0.39088183641433716, 0.3703065514564514, 0.33475691080093384, 0.26938894391059875, 0.2962667644023895, 0.3616219460964203, 0.22744977474212646, 0.42140892148017883, 0.3253975212574005, 0.35503584146499634, 0.4258524775505066, 0.342398077249527, 0.43384692072868347, 0.27776339650154114, 0.1599770039319992, 0.33043819665908813, 0.18005599081516266, 0.42642518877983093, 0.3146775960922241, 0.49687719345092773, 0.3963867425918579, 0.16628798842430115, 0.20651359856128693]})
-------------------------------
defaultdict(<class 'list'>, {'RSigW1Val': [0.7229157090187073, 0.32967814803123474, 0.2713579535484314]})
