-------------------------------
TRAINING SUMMARY
------------------------------
Generator: NeuralSDE
Discriminator: RSigW1
Activation: Sigmoid
Gradient steps: 1000
Learning rate: 0.0001
Reservoir dimension: 80
Data dimension: 1
-------------------------------
Drift BM: 0.1
Std BM: 0.2
Drift GBM: 0.0
Std GBM: 1.0
Phi AR: -0.1
Std AR: 1.0
-------------------------------
RSigW1:
Training error: 1.2032e-01
Test error: 1.2409e-01
-------------------------------
Correlation Metric:
Training error: 5.7695e+00
Test error: 5.7700e+00
-------------------------------
Autocorrelation Metric:
Training error: 2.0595e+00
Test error: 2.0563e+00
-------------------------------
Results of Normality Test:
Normaltest #1: True
Normaltest #2: True
Normaltest #3: True
Normaltest #4: False
Normaltest #5: True
Normaltest #6: False
Normaltest #7: False
Normaltest #8: True
Normaltest #9: True
Normaltest #10: True
Normaltest #11: True
Normaltest #12: True
Normaltest #13: True
Normaltest #14: False
-------------------------------
defaultdict(<class 'list'>, {'RSigW1Loss': [10.149806022644043, 4.4729437828063965, 3.0875113010406494, 4.935617923736572, 5.013448715209961, 3.402954578399658, 2.0883901119232178, 2.9668431282043457, 3.592672109603882, 3.5042788982391357, 2.6533236503601074, 2.0437064170837402, 2.186837673187256, 2.624711275100708, 2.631232976913452, 2.403674840927124, 1.76859450340271, 1.7350257635116577, 2.014800786972046, 1.9501402378082275, 1.897689938545227, 1.5548418760299683, 1.5820823907852173, 1.8110767602920532, 1.868225336074829, 1.5579335689544678, 1.4798386096954346, 1.6791696548461914, 1.5463300943374634, 1.3478155136108398, 1.4662355184555054, 1.3559826612472534, 1.1836073398590088, 1.1161234378814697, 1.251312017440796, 1.188599705696106, 1.1007329225540161, 0.9763426780700684, 0.9916773438453674, 1.0259532928466797, 0.9329271912574768, 0.9535687565803528, 0.9221675992012024, 0.8693044185638428, 0.9347437024116516, 1.0140589475631714, 0.8608266711235046, 0.9187759160995483, 0.7661815285682678, 0.7158938050270081, 0.8446207046508789, 0.6944077014923096, 0.7113400101661682, 0.8472461700439453, 0.7057417035102844, 0.7512212991714478, 0.6875942945480347, 0.8606079816818237, 0.7448516488075256, 0.5960233211517334, 0.9256166815757751, 0.8185757994651794, 0.8642056584358215, 1.0011882781982422, 0.6127978563308716, 1.0111563205718994, 0.6956246495246887, 0.6662226319313049, 0.6457332372665405, 0.549980878829956, 0.7288153171539307, 0.5423874258995056, 0.8414966464042664, 0.47211432456970215, 0.5036486387252808, 0.4686315357685089, 0.4692362844944, 0.42345887422561646, 0.6185618042945862, 0.4481814205646515, 1.1611945629119873, 0.8017126321792603, 0.5354410409927368, 0.5658872723579407, 0.3506198525428772, 0.8125888109207153, 0.896949052810669, 0.37026524543762207, 0.8372073769569397, 0.435891717672348, 0.5624844431877136, 0.7739813923835754, 0.42662885785102844, 1.1051033735275269, 1.4372880458831787, 0.3846535384654999, 0.7804195284843445, 0.7408270835876465, 0.5604456067085266, 0.5488933324813843, 0.7419964671134949, 0.6805709004402161, 0.3931882381439209, 0.49232351779937744, 0.4225607216358185, 0.39476868510246277, 0.3989950716495514, 0.3083794414997101, 0.48155462741851807, 0.37199702858924866, 0.4624241888523102, 0.6856371760368347, 0.25011301040649414, 0.34254562854766846, 0.43025967478752136, 0.5820077061653137, 0.3044218122959137, 0.2579064965248108, 0.3102905750274658, 0.37419822812080383, 0.3267088532447815, 0.5556249618530273, 0.36633116006851196, 0.36576682329177856, 0.5589463710784912, 0.3403898775577545, 0.6751769781112671, 0.5605260729789734, 0.6583079099655151, 0.7773187756538391, 0.4525783360004425, 0.2970363199710846, 0.3887171149253845, 0.37627553939819336, 0.3722585439682007, 0.454112708568573, 0.4837864935398102, 0.42469921708106995, 0.5317897796630859, 0.25195997953414917, 0.3650165796279907, 0.4582826793193817, 0.5597084760665894, 0.3380097448825836, 0.22381159663200378, 0.38033196330070496, 0.33724328875541687, 0.6673014760017395, 0.44932296872138977, 0.4137553870677948, 0.553740918636322, 0.3548421561717987, 1.2714570760726929, 1.4619863033294678, 0.592312216758728, 0.6199551224708557, 0.7849105000495911, 0.6036596298217773, 0.8333287835121155, 1.2045612335205078, 0.5460473299026489, 1.0730175971984863, 1.198015809059143, 0.7709679007530212, 0.5329096913337708, 0.7366734743118286, 0.383475124835968, 0.5138410925865173, 0.7771680355072021, 0.40221652388572693, 0.7827437520027161, 0.9466648101806641, 0.48428332805633545, 0.8551031351089478, 1.240626573562622, 0.6199505925178528, 0.39459919929504395, 0.9753273725509644, 0.8756999969482422, 0.42084959149360657, 0.549136221408844, 0.4651447534561157, 0.6051948070526123, 0.45411062240600586, 0.43114227056503296, 0.4242718517780304, 0.212892085313797, 0.5153282880783081, 0.730783224105835, 0.44164371490478516, 0.648016095161438, 0.4235883355140686, 0.7273647785186768, 0.7069761753082275, 0.3333373963832855, 1.0679408311843872, 1.0252844095230103, 0.3346482813358307, 0.36784058809280396, 0.6775862574577332, 0.3564188778400421, 0.3437211215496063, 0.27160534262657166, 0.521973729133606, 0.29665642976760864, 0.7489578723907471, 0.8408536911010742, 0.23613041639328003, 0.669827938079834, 1.2128520011901855, 0.3418240547180176, 0.45311495661735535, 0.7979806661605835, 0.44993647933006287, 0.7465952634811401, 0.5409032106399536, 0.30173444747924805, 0.7374938130378723, 0.7951968312263489, 0.3383239805698395, 0.6515901684761047, 0.5951182246208191, 0.3360740542411804, 0.5848218202590942, 0.6529846787452698, 0.4787064790725708, 0.5050166845321655, 0.29129260778427124, 0.2654063105583191, 0.2553330361843109, 0.347889244556427, 0.3711392879486084, 0.5485780835151672, 0.6968992352485657, 0.7962928414344788, 0.26760825514793396, 0.9134613275527954, 0.9186152219772339, 0.5419111251831055, 0.7000143527984619, 0.8564651608467102, 0.420057475566864, 0.6273228526115417, 0.655047595500946, 0.3837977647781372, 0.886175274848938, 0.9508702754974365, 0.6587196588516235, 0.562453031539917, 0.56154865026474, 0.37961962819099426, 0.6510971784591675, 0.5915514826774597, 0.23143742978572845, 0.902381181716919, 0.930271565914154, 0.30157211422920227, 0.7178359031677246, 0.6890501379966736, 0.3202555477619171, 0.5119565725326538, 0.42898252606391907, 0.2565667927265167, 0.33787527680397034, 0.527942419052124, 0.278778076171875, 0.6625503301620483, 0.9341016411781311, 0.5550774335861206, 0.4082779288291931, 1.0373872518539429, 0.44389379024505615, 0.4974839985370636, 0.42056670784950256, 0.35412487387657166, 0.47199687361717224, 0.845223605632782, 0.5642659664154053, 0.37593740224838257, 0.7095814347267151, 0.558659553527832, 0.3083053231239319, 0.4904797673225403, 0.2585326135158539, 0.38898253440856934, 0.3555905222892761, 0.23634064197540283, 0.24381591379642487, 0.17627763748168945, 0.2217469960451126, 0.1625814586877823, 0.23964586853981018, 0.19157177209854126, 0.16597025096416473, 0.4063177704811096, 0.3170689642429352, 0.845073938369751, 0.6789931654930115, 0.3623529076576233, 0.3984019458293915, 0.9747373461723328, 0.6325370073318481, 0.39209672808647156, 0.3737678825855255, 0.23562952876091003, 0.18882592022418976, 0.19909454882144928, 0.592959463596344, 0.40457963943481445, 0.3323203921318054, 0.5474202036857605, 0.41039761900901794, 0.1926165372133255, 0.27565863728523254, 0.3083043396472931, 0.5867556929588318, 0.7085690498352051, 0.17396280169487, 0.8663370609283447, 0.7763168811798096, 0.2795724868774414, 0.7346605658531189, 0.8955085277557373, 0.6350778341293335, 0.5464869737625122, 0.6004851460456848, 0.46857112646102905, 0.851252555847168, 0.8596640825271606, 0.3998525142669678, 0.41859662532806396, 0.8401013612747192, 0.5263081789016724, 0.5057429671287537, 0.89852374792099, 0.5734165906906128, 0.5795218348503113, 0.7197475433349609, 0.2550675570964813, 0.6062767505645752, 0.5102777481079102, 0.323921799659729, 0.7356797456741333, 1.0634323358535767, 0.7691629528999329, 0.1897229254245758, 1.1817880868911743, 1.8681964874267578, 1.6053109169006348, 1.023002028465271, 0.4677748382091522, 1.0301421880722046, 1.0673562288284302, 0.3402501046657562, 0.5570532083511353, 1.0208353996276855, 0.7776317596435547, 0.2056637555360794, 0.9563882350921631, 1.3831483125686646, 1.0847409963607788, 0.40931791067123413, 1.0363070964813232, 0.9654278755187988, 0.9671081304550171, 0.3054613471031189, 0.92461097240448, 1.4245058298110962, 1.1296286582946777, 0.7305390238761902, 0.6485059261322021, 0.7487817406654358, 0.9332681894302368, 0.5959653258323669, 0.7895528674125671, 1.139174222946167, 0.9318134784698486, 0.8327783942222595, 0.8304798007011414, 0.4403998553752899, 0.5453707575798035, 0.6577597856521606, 0.6901538968086243, 0.4646800458431244, 0.6769307851791382, 0.7908734679222107, 0.5614860653877258, 0.3057364225387573, 0.6649972796440125, 0.509442925453186, 0.411504328250885, 0.46469733119010925, 0.4383445978164673, 0.20685939490795135, 0.48046982288360596, 0.20348641276359558, 0.23724479973316193, 0.21618838608264923, 0.1657305508852005, 0.17099466919898987, 0.17550000548362732, 0.19738264381885529, 0.4902069866657257, 0.16248497366905212, 0.267978698015213, 0.20015238225460052, 0.1588960886001587, 0.15286920964717865, 0.3064180016517639, 0.2048160582780838, 0.5689266920089722, 0.6370811462402344, 0.17090526223182678, 0.6040189266204834, 0.5413933396339417, 0.3155403435230255, 0.5886574387550354, 0.5670344829559326, 0.2706371247768402, 0.5776522159576416, 0.803878664970398, 0.6013890504837036, 0.43781542778015137, 0.24178676307201385, 0.45177459716796875, 0.1984718143939972, 0.3513818085193634, 0.46450287103652954, 0.23311643302440643, 0.42055684328079224, 0.4280470311641693, 0.19396568834781647, 0.4134264290332794, 0.4257865846157074, 0.23292803764343262, 0.5764047503471375, 0.6723273396492004, 0.3530934154987335, 0.3785931468009949, 0.5069786906242371, 0.6319171190261841, 0.3625437617301941, 0.19281798601150513, 0.6319391131401062, 0.4237382411956787, 0.3773576617240906, 0.552635908126831, 0.5961052179336548, 0.29285919666290283, 0.2716524600982666, 0.36557117104530334, 0.2955804467201233, 0.3720780611038208, 0.3354963958263397, 0.23336583375930786, 0.2673138678073883, 0.3752964735031128, 0.16137193143367767, 0.46719902753829956, 0.30298107862472534, 0.4155694544315338, 0.31405937671661377, 0.28478071093559265, 0.4375690221786499, 0.24522827565670013, 0.23637263476848602, 0.19181405007839203, 0.19355995953083038, 0.15995356440544128, 0.6173982620239258, 0.26932474970817566, 0.5204781293869019, 0.5784149765968323, 0.24093955755233765, 0.5854538679122925, 0.8721902966499329, 0.2999073565006256, 0.21427735686302185, 0.7327346801757812, 0.2967570722103119, 0.35624513030052185, 0.5710514187812805, 0.19836831092834473, 0.30610328912734985, 0.33295512199401855, 0.2257174849510193, 0.28871145844459534, 0.19929982721805573, 0.6256990432739258, 0.354767769575119, 0.15450873970985413, 0.6777737140655518, 0.8377950191497803, 0.6438886523246765, 0.43005266785621643, 0.7297820448875427, 0.5809841156005859, 0.4738725423812866, 0.6436767578125, 0.49490272998809814, 0.5499423742294312, 0.7012984156608582, 0.4954724907875061, 0.4248025417327881, 0.6966423988342285, 0.247583270072937, 0.2714795470237732, 0.5532715916633606, 0.22719688713550568, 0.7509492039680481, 0.3488958179950714, 0.21995054185390472, 0.4520229399204254, 0.6338863968849182, 0.45668336749076843, 0.43943551182746887, 0.6924834847450256, 0.35708940029144287, 0.4956251084804535, 0.5311285257339478, 0.25530168414115906, 0.5298199653625488, 0.27550193667411804, 0.22375492751598358, 0.1534988284111023, 0.23683802783489227, 0.24623501300811768, 0.2407238483428955, 0.4501907527446747, 0.20888711512088776, 0.3220561444759369, 0.355458527803421, 0.4540235102176666, 0.4815572202205658, 0.12709476053714752, 0.6824466586112976, 0.8029102683067322, 0.2875243127346039, 0.3367190659046173, 0.9598175883293152, 0.44538360834121704, 0.21904879808425903, 0.23603884875774384, 0.32642096281051636, 0.5035383701324463, 0.41544482111930847, 0.1783289909362793, 0.5515371561050415, 0.5552273392677307, 0.2020825743675232, 0.3178066909313202, 0.39837878942489624, 0.29052621126174927, 0.4419923424720764, 0.6442348957061768, 0.45135846734046936, 0.44287583231925964, 0.5689641833305359, 0.52323317527771, 0.29732006788253784, 0.34639275074005127, 0.2376295030117035, 0.3843214213848114, 0.797044575214386, 0.21793188154697418, 0.5700079798698425, 0.812779426574707, 0.5375421643257141, 0.560945451259613, 0.5699698328971863, 0.2109844982624054, 0.24900592863559723, 0.708341658115387, 0.7871224284172058, 0.4633680284023285, 0.4222266674041748, 0.6643165349960327, 0.40112364292144775, 0.25599944591522217, 0.48111069202423096, 0.23243290185928345, 0.1920577883720398, 0.2876741886138916, 0.15654991567134857, 0.5709667801856995, 0.647598922252655, 0.1871340572834015, 0.3182825446128845, 0.20097669959068298, 0.3134356141090393, 0.5357572436332703, 0.32850563526153564, 0.34176480770111084, 0.35506293177604675, 0.4166599214076996, 0.2452453225851059, 0.3492400646209717, 0.1798301488161087, 0.39757612347602844, 0.7449657320976257, 0.5939123630523682, 0.21182826161384583, 0.25599169731140137, 0.3647668957710266, 0.6121681928634644, 0.20457367599010468, 0.47400057315826416, 0.6578977704048157, 0.4533490240573883, 0.41298040747642517, 0.7639546990394592, 0.5816193222999573, 0.6665822863578796, 0.7345514893531799, 0.42094025015830994, 0.4856070876121521, 0.34900906682014465, 0.37425217032432556, 0.4949588179588318, 0.5299718379974365, 0.23448334634304047, 0.41202062368392944, 0.8857297301292419, 0.46363896131515503, 0.39382311701774597, 0.8407444357872009, 0.5337191224098206, 0.1868683248758316, 0.6125975251197815, 0.27047500014305115, 0.14526985585689545, 0.6302922368049622, 0.48161718249320984, 0.3627384305000305, 0.3914436101913452, 0.351259708404541, 0.5447925329208374, 0.7201342582702637, 0.6233763098716736, 0.3487562835216522, 0.7742604613304138, 0.5024848580360413, 0.22291390597820282, 0.5549077391624451, 0.47575950622558594, 0.28693294525146484, 0.660520076751709, 0.6129062175750732, 0.3241370916366577, 0.5539507865905762, 0.4592300057411194, 0.3499423861503601, 0.29089853167533875, 0.31745287775993347, 0.38449984788894653, 0.15624059736728668, 0.2636173963546753, 0.3361259400844574, 0.19713295996189117, 0.24842625856399536, 0.5270957946777344, 0.3527315855026245, 0.3085601031780243, 0.3659716546535492, 0.1247912123799324, 0.1282685101032257, 0.374187171459198, 0.21212373673915863, 0.6656344532966614, 0.5945346355438232, 0.3563344180583954, 0.46478500962257385, 0.8038733601570129, 0.6329302191734314, 0.1180955171585083, 0.6821432113647461, 0.7957649827003479, 0.5134415030479431, 0.26889586448669434, 0.5673399567604065, 0.5830613374710083, 0.3859139680862427, 0.5242118239402771, 0.19514234364032745, 0.3977077901363373, 0.8956490159034729, 0.2865850329399109, 0.3085896670818329, 0.5280677080154419, 0.2580978274345398, 0.25911182165145874, 0.6069107055664062, 0.5389466881752014, 0.37727242708206177, 0.5473551750183105, 0.45094114542007446, 0.3919261693954468, 0.5393766164779663, 0.31814807653427124, 0.6005693674087524, 0.6413516402244568, 0.2866271436214447, 0.5391815304756165, 0.5334774255752563, 0.35994231700897217, 0.4680175185203552, 0.6073569655418396, 0.48284751176834106, 0.3263349235057831, 0.629984438419342, 0.24247193336486816, 0.41238656640052795, 0.43516865372657776, 0.15030649304389954, 0.43208059668540955, 0.49491652846336365, 0.1734199821949005, 0.542167067527771, 0.4151926040649414, 0.4459210932254791, 0.30168843269348145, 0.5545425415039062, 0.32418832182884216, 0.4120558500289917, 0.6464081406593323, 0.192125603556633, 0.4355681240558624, 0.46364787220954895, 0.1596960574388504, 0.39853253960609436, 0.4002958834171295, 0.21844427287578583, 0.27924397587776184, 0.49807456135749817, 0.45864152908325195, 0.26633793115615845, 0.36298322677612305, 0.45531392097473145, 0.3268235921859741, 0.5923071503639221, 0.12999223172664642, 0.2179890275001526, 0.21672075986862183, 0.15017424523830414, 0.5535858273506165, 0.5092141032218933, 0.18085864186286926, 0.5919373035430908, 0.844641387462616, 0.5273155570030212, 0.23516663908958435, 0.47457024455070496, 0.2471032738685608, 0.20957130193710327, 0.45070695877075195, 0.29838821291923523, 0.7438036799430847, 0.8854542374610901, 0.4638064503669739, 0.19534876942634583, 0.5436356663703918, 0.30268511176109314, 0.30030369758605957, 0.4639970660209656, 0.24768199026584625, 0.6680949926376343, 0.7272732257843018, 0.5045613646507263, 0.4846101701259613, 0.6756126284599304, 0.2863699197769165, 0.11308704316616058, 0.4764835238456726, 0.24458444118499756, 0.16221190989017487, 0.37992408871650696, 0.21667230129241943, 0.4355472922325134, 0.3037680685520172, 0.12351877987384796, 0.48414522409439087, 0.29908597469329834, 0.3715800642967224, 0.2823440134525299, 0.20751595497131348, 0.5316028594970703, 0.4463949203491211, 0.34325069189071655, 0.3468336760997772, 0.30124178528785706, 0.34608542919158936, 0.12761983275413513, 0.2759864032268524, 0.2102857381105423, 0.20777706801891327, 0.3114509582519531, 0.5429667234420776, 0.2087765485048294, 0.6535688042640686, 0.5857051610946655, 0.20753327012062073, 0.16296638548374176, 0.25447532534599304, 0.2464282512664795, 0.22059418261051178, 0.4171258211135864, 0.36555126309394836, 0.16248191893100739, 0.33610785007476807, 0.38237032294273376, 0.35348859429359436, 0.47713983058929443, 0.26074400544166565, 0.46858179569244385, 0.656589150428772, 0.30628761649131775, 0.24988414347171783, 0.5638782978057861, 0.2832919955253601, 0.6843119263648987, 0.6088853478431702, 0.4547773003578186, 0.20317614078521729, 0.5325004458427429, 0.5250746607780457, 0.39211225509643555, 0.44819703698158264, 0.1425836980342865, 0.1466943919658661, 0.41544651985168457, 0.1928989440202713, 0.0985129177570343, 0.231271892786026, 0.18997614085674286, 0.1569765955209732, 0.29847872257232666, 0.1416623741388321, 0.1630958914756775, 0.13678747415542603, 0.24019895493984222, 0.34243226051330566, 0.2108658105134964, 0.33454588055610657, 0.14999233186244965, 0.5791673064231873, 0.3395226001739502, 0.23524540662765503, 0.11175894737243652, 0.11666768044233322, 0.12427671998739243, 0.6029490828514099, 0.8339892625808716, 0.2892986834049225, 0.6284042596817017, 0.853360116481781, 0.600554883480072, 0.19561688601970673, 0.7293063998222351, 1.216212272644043, 0.7831481099128723, 0.33842259645462036, 0.48051729798316956, 0.6453229188919067, 0.7673167586326599, 0.19314154982566833, 0.546973705291748, 0.8764311671257019, 0.6978188157081604, 0.15798676013946533, 0.6209976673126221, 1.0205295085906982, 0.9340018033981323, 0.361066073179245, 0.3827821612358093, 1.0963245630264282, 1.2130084037780762, 0.45383521914482117, 0.41228821873664856, 0.558882474899292, 0.5251246094703674, 0.12886910140514374, 0.451118528842926, 0.5986909866333008, 0.32906320691108704, 0.383971631526947, 0.49867773056030273, 0.2746790051460266, 0.15455526113510132, 0.38911449909210205, 0.27731719613075256, 0.3766339421272278, 0.35153356194496155, 0.22835548222064972, 0.3993077278137207, 0.3559491038322449, 0.21464966237545013, 0.3433891534805298, 0.3243236839771271, 0.15734630823135376, 0.33509838581085205, 0.32088202238082886, 0.21871879696846008, 0.39822185039520264, 0.29395994544029236, 0.1576860249042511, 0.28935447335243225, 0.3762975037097931, 0.14938095211982727, 0.27537691593170166, 0.16667000949382782, 0.48961198329925537, 0.6127328276634216, 0.26766839623451233, 0.5712515115737915, 0.7642804980278015, 0.6285035014152527, 0.10716593265533447, 0.4124884605407715, 0.6136295795440674, 0.3998490571975708, 0.4677673280239105, 0.6359169483184814, 0.5054786801338196, 0.19274140894412994, 0.2790451943874359, 0.12668564915657043, 0.48186349868774414, 0.4624582529067993, 0.25763869285583496, 0.22868607938289642, 0.11675063520669937, 0.3873356878757477, 0.1565127670764923, 0.21897561848163605, 0.181377574801445, 0.12726174294948578, 0.42441219091415405, 0.6190260052680969, 0.20535428822040558, 0.4246821999549866, 0.7028127908706665, 0.4187009930610657, 0.17982880771160126, 0.6984274983406067, 1.1472223997116089, 1.0156056880950928, 0.3306165039539337, 0.5035192370414734, 0.7996001839637756, 0.991121768951416, 0.5436903238296509, 0.37108325958251953, 0.770583987236023, 0.7097442746162415, 0.3654049038887024, 0.5773264765739441, 0.5457445979118347, 0.46110111474990845, 0.24606145918369293, 0.5392225980758667, 0.7846336364746094, 0.42325299978256226, 0.18467871844768524, 0.485649436712265, 0.5844562649726868, 0.38276639580726624, 0.252841979265213, 0.642860472202301, 0.6108998656272888, 0.3667178750038147, 0.4625348746776581, 0.5310873985290527, 0.4996936023235321, 0.37227749824523926, 0.2665620446205139, 0.398818701505661, 0.5807822346687317, 0.2812994420528412, 0.24694406986236572, 0.45592406392097473, 0.6653901934623718, 0.14413650333881378, 0.4089098274707794, 0.5137166380882263, 0.20258644223213196, 0.21337071061134338, 0.18976224958896637, 0.3020532727241516, 0.24207338690757751, 0.42937764525413513, 0.36844825744628906, 0.1439596563577652, 0.3680574297904968, 0.41117846965789795, 0.16582715511322021, 0.46830734610557556, 0.45800983905792236, 0.2603057324886322, 0.18294602632522583, 0.22092366218566895]})
-------------------------------
defaultdict(<class 'list'>, {'RSigW1Val': [0.5747042894363403, 0.6884726285934448, 0.4173186719417572, 0.17813007533550262, 0.47023871541023254, 0.7374241948127747, 0.5828469395637512, 0.5730671882629395, 0.36098113656044006, 0.24915532767772675]})
